                                             A       1    2    3    4    5       6    7    8    9  
                                             B       1    2    3    4    5       6    7    8    9 
                                             C       1    2    3    4    @       @    7    8    9 
                                             D       1    2    3    4    5       6    7    8    9                                     

                                             E                 1     2     3     4     5    
                                             F                 1     2     3     4     5

                                                              +-------------------------+   
                                                              |                         |      
                                                              |                         |                                                                                                                                                                                                     |                         | 
                                                              +-------------------------+ 
                                                               ALL EYES THIS WAY PLEASE