                                             A       @    @    @    @    5       6    7    8    9     
                                             B       1    2    3    4    5       6    7    8    9      
                                             C       1    @    3    4    5       6    7    8    9      
                                             D       1    2    3    4    5       6    7    8    9      
                                             E       1    2    3    4    5       6    7    8    9      
                                             F       1    2    3    4    5       6    7    8    9      
                                             G       1    2    3    4    5       6    7    8    9      
                                             H       1    2    3    4    5       6    7    8    9      
                                             I       1    2    3    4    5       6    7    8    9      
                                             J       1    2    3    4    5       6    7    8    9      


                                                   +-----------------------------------------+   
                                                   |                                         |    
                                                   |                                         |
                                                   |                                         | 
                                                   |                                         |
                                                   |                                         |
                                                   +-----------------------------------------+ 
                                                   ALL     EYES     THIS     WAY     PLEASE